image: /home/user/SUV_map.pgm
resolution: 0.050000
origin: [-7.688383, -3.075806, 0.000000]
negate: 0
occupied_thresh: 0.65
free_thresh: 0.196

